# relative_time, cycles_done, cur_item, corpus_count, pending_total, pending_favs, map_size, saved_crashes, saved_hangs, max_depth, execs_per_sec, total_execs, edges_found, total_crashes, servers_count
61, 0, 0, 465, 465, 3, 9.59%, 0, 1, 2, 532.62, 32911, 2080, 0, 0
66, 0, 0, 488, 488, 3, 9.66%, 0, 1, 2, 535.44, 35692, 2094, 0, 0
71, 0, 0, 499, 499, 3, 9.66%, 0, 1, 2, 534.68, 38369, 2095, 0, 0
76, 0, 0, 505, 505, 3, 9.66%, 0, 2, 2, 565.68, 40671, 2095, 0, 0
81, 0, 0, 516, 516, 3, 9.70%, 0, 2, 2, 566.57, 43531, 2102, 0, 0
86, 0, 0, 527, 527, 3, 9.70%, 0, 3, 2, 562.87, 45820, 2103, 0, 0
92, 0, 0, 537, 537, 3, 9.72%, 0, 3, 2, 560.79, 48684, 2108, 0, 0
97, 0, 0, 547, 547, 3, 9.80%, 0, 3, 2, 560.62, 51559, 2125, 0, 0
102, 0, 0, 558, 558, 3, 9.84%, 0, 3, 2, 566.54, 54419, 2134, 0, 0
107, 0, 0, 564, 564, 3, 9.89%, 0, 3, 2, 568.85, 57299, 2144, 0, 0
112, 0, 0, 570, 570, 3, 9.89%, 0, 3, 2, 567.26, 60179, 2145, 0, 0
117, 0, 0, 575, 575, 3, 9.89%, 0, 3, 2, 560.21, 63030, 2145, 0, 0
122, 0, 0, 580, 580, 3, 9.89%, 0, 3, 2, 562.50, 65914, 2145, 0, 0
127, 0, 0, 584, 584, 3, 9.90%, 0, 3, 2, 561.81, 68780, 2146, 0, 0
132, 0, 0, 586, 586, 3, 9.90%, 0, 3, 2, 572.69, 71687, 2146, 0, 0
137, 0, 0, 590, 590, 3, 9.91%, 0, 3, 2, 571.77, 74565, 2148, 0, 0
142, 0, 1, 629, 628, 125, 9.95%, 0, 3, 2, 482.17, 76876, 2158, 0, 0
147, 0, 1, 677, 676, 125, 10.43%, 0, 3, 2, 452.87, 79132, 2261, 0, 0
153, 0, 1, 725, 724, 125, 10.65%, 0, 3, 2, 446.61, 81397, 2308, 0, 0
158, 0, 1, 738, 737, 125, 10.70%, 0, 3, 2, 444.57, 83646, 2320, 0, 0
163, 0, 1, 750, 749, 125, 10.79%, 0, 3, 2, 438.68, 85871, 2339, 0, 0
168, 0, 1, 753, 752, 125, 10.79%, 0, 3, 2, 442.94, 88144, 2339, 0, 0
173, 0, 1, 756, 755, 125, 10.79%, 0, 3, 2, 447.95, 90416, 2339, 0, 0
178, 0, 1, 798, 797, 125, 10.81%, 0, 3, 2, 449.02, 92681, 2343, 0, 0
183, 0, 1, 856, 855, 125, 10.92%, 0, 3, 2, 448.25, 94920, 2368, 0, 0
188, 0, 1, 883, 882, 125, 10.94%, 0, 3, 2, 452.12, 97206, 2371, 0, 0
193, 0, 1, 901, 900, 125, 10.95%, 0, 3, 2, 456.20, 99537, 2373, 0, 0
198, 0, 1, 918, 917, 125, 10.95%, 0, 3, 2, 451.28, 101813, 2373, 0, 0
203, 0, 1, 936, 935, 125, 10.95%, 0, 3, 2, 451.59, 104102, 2374, 0, 0
208, 0, 1, 949, 948, 125, 10.97%, 0, 3, 2, 450.52, 106362, 2379, 0, 0
213, 0, 1, 963, 962, 125, 11.02%, 0, 3, 2, 449.62, 108644, 2389, 0, 0
218, 0, 1, 979, 978, 125, 11.14%, 0, 3, 2, 453.63, 110955, 2416, 0, 0
224, 0, 1, 987, 986, 125, 11.15%, 0, 3, 2, 451.35, 113208, 2418, 0, 0
229, 0, 1, 995, 994, 125, 11.15%, 0, 3, 2, 455.75, 115532, 2418, 0, 0
234, 0, 1, 1001, 1000, 125, 11.15%, 0, 3, 2, 455.40, 117860, 2418, 0, 0
239, 0, 1, 1010, 1009, 125, 11.15%, 0, 3, 2, 452.15, 120110, 2418, 0, 0
244, 0, 1, 1014, 1013, 125, 11.16%, 0, 3, 2, 455.36, 122469, 2419, 0, 0
249, 0, 1, 1024, 1023, 125, 11.31%, 0, 3, 2, 453.46, 124798, 2451, 0, 0
254, 0, 1, 1030, 1029, 125, 11.31%, 0, 3, 2, 452.82, 127099, 2453, 0, 0
259, 0, 1, 1033, 1032, 125, 11.32%, 0, 3, 2, 450.66, 129379, 2454, 0, 0
264, 0, 1, 1037, 1036, 125, 11.32%, 0, 3, 2, 451.38, 131720, 2455, 0, 0
269, 0, 1, 1041, 1040, 125, 11.32%, 0, 3, 2, 451.85, 134016, 2455, 0, 0
275, 0, 1, 1044, 1043, 125, 11.32%, 0, 3, 2, 453.49, 136350, 2455, 0, 0
280, 0, 1, 1051, 1050, 125, 11.32%, 0, 3, 2, 445.45, 138598, 2455, 0, 0
285, 0, 1, 1059, 1058, 125, 11.33%, 0, 3, 2, 444.08, 140838, 2456, 0, 0
290, 0, 1, 1066, 1065, 125, 11.33%, 0, 3, 2, 444.70, 143103, 2457, 0, 0
295, 0, 2, 1067, 1065, 172, 11.34%, 0, 3, 2, 455.71, 145402, 2458, 0, 0
300, 0, 2, 1103, 1101, 172, 11.51%, 0, 3, 2, 487.66, 147939, 2496, 0, 0
305, 0, 2, 1227, 1225, 172, 11.83%, 0, 3, 2, 477.83, 150412, 2565, 0, 0
310, 0, 2, 1327, 1325, 172, 11.94%, 0, 3, 2, 480.88, 152826, 2589, 0, 0
315, 0, 2, 1392, 1390, 172, 12.08%, 0, 3, 2, 503.27, 155484, 2619, 0, 0
320, 0, 2, 1419, 1417, 172, 12.11%, 0, 3, 2, 482.77, 157884, 2626, 0, 0
326, 0, 2, 1452, 1450, 172, 12.14%, 0, 3, 2, 500.18, 160393, 2631, 0, 0
331, 0, 2, 1480, 1478, 172, 12.38%, 0, 3, 2, 507.68, 162908, 2683, 0, 0
336, 0, 2, 1500, 1498, 172, 12.39%, 0, 3, 2, 497.01, 165497, 2686, 0, 0
341, 0, 2, 1530, 1528, 172, 12.40%, 0, 3, 2, 503.06, 168015, 2688, 0, 0
346, 0, 2, 1554, 1552, 172, 12.42%, 0, 3, 2, 509.66, 170573, 2693, 0, 0
351, 0, 2, 1566, 1564, 172, 12.43%, 0, 3, 2, 517.59, 173187, 2694, 0, 0
356, 0, 2, 1573, 1571, 172, 12.43%, 0, 3, 2, 513.46, 175786, 2695, 0, 0
361, 0, 2, 1582, 1580, 172, 12.44%, 0, 3, 2, 515.45, 178389, 2696, 0, 0
366, 0, 2, 1589, 1587, 172, 12.44%, 1, 3, 2, 509.33, 180999, 2698, 1, 0
371, 0, 2, 1597, 1595, 172, 12.47%, 1, 3, 2, 514.90, 183605, 2703, 1, 0
376, 0, 2, 1604, 1602, 172, 12.47%, 1, 3, 2, 514.62, 186174, 2703, 1, 0
381, 0, 2, 1610, 1608, 172, 12.49%, 1, 3, 2, 515.08, 188766, 2707, 1, 0
386, 0, 2, 1616, 1614, 172, 12.49%, 1, 3, 2, 508.73, 191348, 2707, 1, 0
391, 0, 2, 1622, 1620, 172, 12.51%, 2, 3, 2, 503.02, 193841, 2712, 2, 0
396, 0, 2, 1628, 1626, 172, 12.52%, 2, 3, 2, 505.59, 196403, 2714, 2, 0
401, 0, 2, 1630, 1628, 172, 12.52%, 2, 3, 2, 510.77, 198997, 2714, 2, 0
406, 0, 2, 1634, 1632, 172, 12.52%, 2, 3, 2, 508.94, 201150, 2714, 2, 0
