# relative_time, cycles_done, cur_item, corpus_count, pending_total, pending_favs, map_size, saved_crashes, saved_hangs, max_depth, execs_per_sec, total_execs, edges_found, total_crashes, servers_count
61, 0, 0, 53, 53, 3, 31.45%, 1, 0, 2, 551.66, 34736, 106, 10, 0
66, 0, 0, 53, 53, 3, 31.45%, 2, 0, 2, 550.69, 37519, 106, 11, 0
71, 0, 0, 54, 54, 3, 31.45%, 2, 0, 2, 550.19, 40371, 106, 11, 0
76, 0, 0, 54, 54, 3, 31.45%, 2, 0, 2, 551.47, 43224, 106, 11, 0
81, 0, 0, 54, 54, 3, 31.45%, 2, 0, 2, 551.96, 46095, 106, 11, 0
86, 0, 0, 54, 54, 3, 31.45%, 2, 0, 2, 554.12, 48867, 106, 11, 0
91, 0, 0, 54, 54, 3, 31.45%, 2, 0, 2, 550.21, 51621, 106, 11, 0
96, 0, 0, 54, 54, 3, 31.45%, 2, 0, 2, 547.47, 54471, 106, 12, 0
102, 0, 0, 54, 54, 3, 31.45%, 2, 0, 2, 545.36, 57281, 106, 12, 0
107, 0, 2, 55, 54, 9, 31.45%, 2, 0, 2, 570.65, 60161, 106, 12, 0
112, 0, 30, 55, 50, 5, 31.45%, 2, 0, 2, 952.48, 64969, 106, 13, 0
117, 0, 43, 57, 50, 4, 31.75%, 2, 0, 3, 706.18, 68321, 107, 13, 0
122, 0, 48, 57, 46, 0, 31.75%, 2, 0, 3, 651.46, 71444, 107, 13, 0
127, 0, 29, 57, 43, 0, 31.75%, 2, 0, 3, 794.66, 75436, 107, 13, 0
132, 0, 21, 57, 40, 0, 31.75%, 2, 0, 3, 645.89, 78667, 107, 13, 0
137, 0, 23, 57, 35, 0, 31.75%, 2, 0, 3, 655.83, 82216, 107, 13, 0
142, 0, 38, 57, 33, 0, 31.75%, 2, 0, 3, 675.81, 85552, 107, 14, 0
147, 0, 18, 57, 31, 0, 31.75%, 2, 0, 3, 619.81, 88599, 107, 14, 0
153, 1, 45, 57, 28, 0, 31.75%, 2, 0, 3, 621.90, 91713, 107, 14, 0
158, 1, 26, 58, 25, 0, 31.75%, 2, 0, 3, 717.30, 95601, 107, 15, 0
163, 1, 1, 58, 23, 0, 31.75%, 2, 0, 3, 632.24, 98689, 107, 15, 0
168, 1, 9, 59, 20, 0, 31.75%, 2, 0, 3, 640.99, 102024, 107, 15, 0
173, 1, 4, 59, 18, 0, 31.75%, 2, 0, 3, 607.74, 105178, 107, 15, 0
178, 1, 56, 59, 15, 0, 31.75%, 2, 0, 3, 625.24, 108275, 107, 15, 0
183, 1, 39, 59, 14, 0, 31.75%, 2, 0, 3, 593.64, 111239, 107, 15, 0
188, 1, 8, 59, 11, 0, 31.75%, 2, 0, 3, 622.14, 114346, 107, 15, 0
194, 1, 50, 60, 7, 0, 31.75%, 2, 0, 3, 633.96, 117624, 107, 15, 0
199, 2, 59, 60, 6, 0, 31.75%, 2, 0, 3, 595.20, 120650, 107, 15, 0
204, 2, 56, 60, 2, 0, 31.75%, 2, 0, 3, 659.25, 124263, 107, 15, 0
209, 2, 60, 61, 2, 1, 32.05%, 2, 0, 4, 679.04, 127703, 108, 15, 0
214, 3, 55, 61, 0, 0, 32.05%, 2, 0, 4, 729.70, 131588, 108, 15, 0
219, 3, 43, 61, 0, 0, 32.05%, 2, 0, 4, 685.77, 134909, 108, 16, 0
224, 3, 54, 61, 0, 0, 32.05%, 2, 0, 4, 688.56, 138398, 108, 17, 0
229, 4, 60, 61, 0, 0, 32.05%, 2, 0, 4, 700.65, 141859, 108, 18, 0
234, 4, 60, 61, 0, 0, 32.05%, 2, 0, 4, 669.81, 145141, 108, 20, 0
239, 5, 60, 61, 0, 0, 32.05%, 2, 0, 4, 693.39, 148600, 108, 21, 0
244, 5, 56, 62, 0, 0, 32.05%, 2, 0, 5, 670.07, 152110, 108, 21, 0
249, 5, 60, 62, 0, 0, 32.05%, 2, 0, 5, 681.82, 155501, 108, 23, 0
254, 6, 56, 62, 0, 0, 32.05%, 3, 0, 5, 687.34, 159012, 108, 28, 0
259, 6, 60, 62, 0, 0, 32.05%, 3, 0, 5, 655.35, 162340, 108, 28, 0
264, 7, 56, 62, 0, 0, 32.05%, 3, 0, 5, 719.28, 166040, 108, 29, 0
269, 8, 56, 62, 0, 0, 32.05%, 3, 0, 5, 702.15, 169525, 108, 29, 0
274, 8, 56, 62, 0, 0, 32.05%, 3, 0, 5, 760.80, 173324, 108, 31, 0
279, 9, 6, 62, 0, 0, 32.05%, 3, 0, 5, 738.39, 176998, 108, 31, 0
285, 9, 55, 62, 0, 0, 32.05%, 3, 0, 5, 718.81, 180657, 108, 31, 0
290, 10, 60, 62, 0, 0, 32.05%, 3, 0, 5, 722.17, 184160, 108, 32, 0
295, 11, 50, 62, 0, 0, 32.05%, 3, 0, 5, 740.63, 187984, 108, 32, 0
300, 11, 54, 62, 0, 0, 32.05%, 3, 1, 5, 753.68, 190935, 108, 32, 0
305, 12, 60, 62, 0, 0, 32.05%, 3, 1, 5, 704.82, 194480, 108, 32, 0
310, 12, 56, 62, 0, 0, 32.05%, 3, 1, 5, 694.19, 198101, 108, 35, 0
315, 13, 60, 62, 0, 0, 32.05%, 3, 1, 5, 765.66, 202275, 108, 36, 0
320, 14, 56, 62, 0, 0, 32.05%, 3, 1, 5, 785.18, 206270, 108, 36, 0
325, 14, 60, 62, 0, 0, 32.05%, 3, 1, 5, 712.64, 209759, 108, 36, 0
330, 15, 56, 62, 0, 0, 32.05%, 3, 1, 5, 774.86, 213890, 108, 36, 0
335, 16, 13, 62, 0, 0, 32.05%, 3, 1, 5, 735.24, 217424, 108, 39, 0
340, 16, 57, 62, 0, 0, 32.05%, 3, 1, 5, 727.32, 221109, 108, 42, 0
345, 17, 55, 62, 0, 0, 32.05%, 3, 1, 5, 716.13, 224745, 108, 42, 0
350, 17, 50, 62, 0, 0, 32.05%, 3, 1, 5, 764.03, 228866, 108, 42, 0
355, 18, 56, 62, 0, 0, 32.05%, 3, 1, 5, 745.63, 232564, 108, 43, 0
360, 19, 1, 62, 0, 0, 32.05%, 3, 1, 5, 744.77, 236403, 108, 43, 0
365, 19, 55, 62, 0, 0, 32.05%, 3, 1, 5, 775.75, 240366, 108, 43, 0
370, 20, 44, 62, 0, 0, 32.05%, 3, 1, 5, 794.09, 244260, 108, 44, 0
376, 21, 58, 62, 0, 0, 32.05%, 3, 1, 5, 800.60, 248357, 108, 45, 0
381, 21, 20, 62, 0, 0, 32.05%, 3, 1, 5, 791.07, 252391, 108, 46, 0
386, 22, 50, 62, 0, 0, 32.05%, 3, 1, 5, 826.44, 256525, 108, 46, 0
391, 23, 60, 62, 0, 0, 32.05%, 3, 1, 5, 797.98, 260571, 108, 46, 0
396, 23, 60, 62, 0, 0, 32.05%, 3, 1, 5, 759.23, 264431, 108, 47, 0
401, 24, 54, 62, 0, 0, 32.05%, 3, 1, 5, 763.48, 268285, 108, 48, 0
406, 24, 55, 62, 0, 0, 32.05%, 3, 1, 5, 722.73, 271834, 108, 51, 0
411, 25, 55, 62, 0, 0, 32.05%, 3, 1, 5, 800.07, 276081, 108, 53, 0
416, 26, 50, 62, 0, 0, 32.05%, 3, 1, 5, 777.63, 279971, 108, 53, 0
422, 26, 50, 62, 0, 0, 32.05%, 3, 1, 5, 803.53, 284207, 108, 53, 0
427, 27, 26, 62, 0, 0, 32.05%, 3, 1, 5, 764.23, 288056, 108, 54, 0
432, 28, 60, 62, 0, 0, 32.05%, 3, 1, 5, 749.96, 291826, 108, 55, 0
437, 28, 54, 62, 0, 0, 32.05%, 3, 1, 5, 769.80, 295901, 108, 56, 0
442, 29, 55, 62, 0, 0, 32.05%, 3, 1, 5, 760.87, 299716, 108, 57, 0
447, 29, 45, 62, 0, 0, 32.05%, 3, 1, 5, 782.30, 303851, 108, 57, 0
452, 30, 62, 63, 1, 0, 32.05%, 3, 1, 5, 707.13, 307388, 108, 57, 0
457, 30, 63, 64, 1, 0, 32.05%, 3, 1, 5, 654.57, 310632, 108, 58, 0
462, 30, 62, 65, 1, 0, 32.05%, 3, 1, 5, 677.06, 313946, 108, 58, 0
467, 31, 64, 65, 1, 0, 32.05%, 3, 1, 5, 653.19, 317338, 108, 58, 0
472, 31, 55, 65, 0, 0, 32.05%, 3, 1, 5, 683.84, 320916, 108, 58, 0
477, 32, 43, 65, 0, 0, 32.05%, 3, 1, 5, 793.44, 324898, 108, 59, 0
483, 32, 19, 65, 0, 0, 32.05%, 3, 1, 5, 753.97, 328653, 108, 60, 0
488, 33, 55, 65, 0, 0, 32.05%, 3, 1, 5, 749.83, 332393, 108, 62, 0
493, 33, 50, 65, 0, 0, 32.05%, 3, 1, 5, 737.04, 336211, 108, 62, 0
498, 34, 56, 65, 0, 0, 32.05%, 3, 1, 5, 786.96, 340428, 108, 62, 0
503, 34, 54, 65, 0, 0, 32.05%, 3, 1, 5, 729.85, 344119, 108, 62, 0
508, 35, 62, 65, 0, 0, 32.05%, 3, 1, 5, 748.24, 347855, 108, 64, 0
513, 35, 60, 65, 0, 0, 32.05%, 3, 1, 5, 777.55, 352053, 108, 64, 0
518, 36, 56, 65, 0, 0, 32.05%, 3, 1, 5, 756.78, 355828, 108, 64, 0
524, 36, 60, 65, 0, 0, 32.05%, 3, 1, 5, 726.66, 359367, 108, 64, 0
529, 37, 54, 65, 0, 0, 32.05%, 3, 1, 5, 711.44, 362936, 108, 66, 0
534, 37, 64, 65, 0, 0, 32.05%, 3, 1, 5, 690.61, 366486, 108, 66, 0
539, 38, 57, 65, 0, 0, 32.05%, 3, 1, 5, 716.49, 369986, 108, 67, 0
544, 38, 6, 65, 0, 0, 32.05%, 3, 1, 5, 708.36, 373602, 108, 67, 0
549, 39, 60, 65, 0, 0, 32.05%, 3, 1, 5, 711.75, 377244, 108, 69, 0
554, 39, 64, 65, 0, 0, 32.05%, 3, 1, 5, 685.12, 380691, 108, 70, 0
559, 40, 50, 65, 0, 0, 32.05%, 3, 1, 5, 700.04, 384177, 108, 70, 0
564, 40, 50, 65, 0, 0, 32.05%, 3, 1, 5, 764.86, 387918, 108, 70, 0
569, 41, 60, 65, 0, 0, 32.05%, 3, 1, 5, 753.44, 391628, 108, 71, 0
574, 41, 64, 65, 0, 0, 32.05%, 3, 1, 5, 767.81, 395608, 108, 71, 0
579, 42, 27, 65, 0, 0, 32.05%, 3, 1, 5, 804.79, 399761, 108, 71, 0
584, 42, 55, 65, 0, 0, 32.05%, 3, 1, 5, 737.48, 403436, 108, 72, 0
589, 43, 64, 65, 0, 0, 32.05%, 3, 1, 5, 707.59, 407029, 108, 72, 0
594, 43, 36, 65, 0, 0, 32.05%, 3, 1, 5, 754.24, 410922, 108, 73, 0
599, 44, 56, 65, 0, 0, 32.05%, 3, 1, 5, 734.04, 414558, 108, 74, 0
604, 45, 60, 66, 1, 0, 32.05%, 3, 1, 5, 750.79, 418525, 108, 74, 0
609, 45, 65, 69, 4, 0, 32.05%, 3, 1, 5, 783.97, 422529, 108, 74, 0
615, 45, 55, 69, 2, 0, 32.05%, 3, 1, 5, 777.76, 426566, 108, 74, 0
620, 45, 67, 70, 3, 0, 32.05%, 3, 1, 6, 703.09, 430104, 108, 77, 0
625, 45, 66, 70, 1, 0, 32.05%, 3, 1, 6, 677.96, 433389, 108, 77, 0
630, 45, 69, 70, 1, 0, 32.05%, 3, 1, 6, 673.70, 436793, 108, 79, 0
635, 46, 71, 72, 1, 1, 32.05%, 3, 1, 7, 664.89, 440386, 108, 80, 0
640, 46, 60, 72, 0, 0, 32.05%, 3, 1, 7, 767.10, 444252, 108, 81, 0
645, 46, 71, 72, 0, 0, 32.05%, 3, 1, 7, 659.64, 447641, 108, 82, 0
651, 46, 68, 72, 0, 0, 32.05%, 3, 1, 7, 794.48, 451957, 108, 84, 0
656, 47, 68, 72, 0, 0, 32.05%, 3, 1, 7, 797.37, 456037, 108, 86, 0
661, 47, 71, 72, 0, 0, 32.05%, 3, 1, 7, 770.01, 459947, 108, 86, 0
666, 47, 70, 72, 0, 0, 32.05%, 3, 1, 7, 726.58, 463496, 108, 86, 0
671, 47, 71, 72, 0, 0, 32.05%, 3, 1, 7, 724.90, 467251, 108, 86, 0
676, 47, 71, 72, 0, 0, 32.05%, 3, 1, 7, 770.34, 471262, 108, 87, 0
681, 47, 71, 72, 0, 0, 32.05%, 3, 1, 7, 811.46, 475580, 108, 89, 0
686, 48, 60, 72, 0, 0, 32.05%, 3, 1, 7, 821.80, 479883, 108, 89, 0
691, 48, 71, 72, 0, 0, 32.05%, 3, 1, 7, 680.23, 483202, 108, 89, 0
696, 48, 68, 72, 0, 0, 32.05%, 3, 1, 7, 775.70, 487127, 108, 89, 0
701, 48, 70, 72, 0, 0, 32.05%, 3, 1, 7, 832.19, 491281, 108, 90, 0
706, 48, 71, 72, 0, 0, 32.05%, 3, 1, 7, 765.31, 495472, 108, 90, 0
711, 49, 70, 72, 0, 0, 32.05%, 3, 1, 7, 821.41, 499546, 108, 91, 0
716, 49, 68, 72, 0, 0, 32.05%, 3, 1, 7, 677.45, 502995, 108, 92, 0
722, 49, 60, 72, 0, 0, 32.05%, 3, 1, 7, 738.48, 506826, 108, 92, 0
725, 49, 68, 72, 0, 0, 32.05%, 3, 1, 7, 673.76, 509077, 108, 92, 0
